64321683154313351543511 453156867867865655687789789078684567352348587687
64321685415511631534135 313511867867865655687789789078684567352348587687
64321335155675465475475 543511 45315686786786565568778684567352348587687
64321683154313351543511 453156867867865655687789789078684567352348587687
64321436545645645646586 453156867867865655687789789078684567352348587687
64321683154317678658597 453156867867865655687789789078684567352348587687
64333554363654574675769 1543511 4531568678678656556877897890786845673523
64325823691983862868932 216831351153156867867865655687789789078684567352
64321876534634546435468 683154313114531568678678656556877897890786845673
64321574675785978485876 683143511 45315686786786565568778978907868456735
64326435746586585875697 161543511 45315686786786565568778978907868456735